# from python script
auc1 <- 0.8335955940204564

# learning rate
learning_rates <- c(1, 0.5, 0.25, 0.1, 0.05, 0.01)
test_results <- c(0.7889457120377655, 0.8092053501180173, 0.8092053501180173, 0.8335955940204564, 0.849822974036192, 0.780684500393391)
train_results <- c(1.0, 1.0, 1.0, 0.9913043478260869, 0.9451945080091534, 0.8482265446224255)

# number of estimators
n_estimators <- c(1, 2, 4, 8, 16, 32, 64, 100, 200)
test_results <- c(0.5, 0.5, 0.6521739130434783, 0.8191075514874142, 0.8820938215102976, 0.9121281464530894, 0.9595537757437071, 0.9913043478260869, 1.0)
train_results <- c(0.5, 0.5, 0.6585365853658536, 0.756294256490952, 0.8132376081825334, 0.849822974036192, 0.8539535798583792, 0.8295633359559401, 0.8335955940204564)

# max depth
max_depth<-c(1.,  2.,  3.,  4.,  5.,  6.,  7.,  8.,  9., 10., 11., 12., 13.,
                   14., 15., 16., 17., 18., 19., 20., 21., 22., 23., 24., 25., 26.,
                   27., 28., 29., 30., 31., 32.)
test_results <- c(0.8628718535469108,
                   0.9451945080091534,
                   0.9956521739130435,
                   1.0,
                   1.0,
                   1.0,
                   1.0,
                   1.0,
                   1.0,
                   1.0,
                   1.0,
                   1.0,
                   1.0,
                   1.0,
                   1.0,
                   1.0,
                   1.0,
                   1.0,
                   1.0,
                   1.0,
                   1.0,
                   1.0,
                   1.0,
                   1.0,
                   1.0,
                   1.0,
                   1.0,
                   1.0,
                   1.0,
                   1.0,
                   1.0,
                   1.0)
train_results <- c(0.8457907159716758,
                    0.8457907159716758,
                    0.8579858379228954,
                    0.8214004720692367,
                    0.8335955940204564,
                    0.8214004720692367,
                    0.8010424862313139,
                    0.7565892997639653,
                    0.772816679779701,
                    0.7646538158929975,
                    0.7890440597954365,
                    0.7890440597954365,
                    0.7890440597954365,
                    0.7606215578284815,
                    0.776848937844217,
                    0.7646538158929975,
                    0.776848937844217,
                    0.772816679779701,
                    0.772816679779701,
                    0.772816679779701,
                    0.7606215578284815,
                    0.776848937844217,
                    0.776848937844217,
                    0.776848937844217,
                    0.776848937844217,
                    0.7890440597954365,
                    0.776848937844217,
                    0.776848937844217,
                    0.7646538158929975,
                    0.776848937844217,
                    0.776848937844217,
                    0.7524586939417781)